%YAML:1.0
---
HA: !!opencv-matrix
   rows: 3
   cols: 3
   dt: d
   data: [ 0.9027596192540024, -0.0381551563253290, 63.6526592416123620,
           0.0088486023768788, 0.9509898298786210, -10.3239799295095160,
           -0.0000545810445857, 0.0000000000000000, 1.0000000000000000 ]
HB: !!opencv-matrix
   rows: 3
   cols: 3
   dt: d
   data: [ 1.0417622676213512, -0.0417408774062197, 15.0234987179501170,
           0.0914157130970355, 1.0554519088334364, -231.8518800385016000,
           0.0000088709880799, 0.0000470673210274, 1.0000000000000000 ]
HC: !!opencv-matrix
   rows: 3
   cols: 3
   dt: d
   data: [ 1.0488265173863225, 0.2470317042580957, 52.5939652127051290,
           -0.0361101623548138, 1.1759624765775554, -344.3992766457216100,
           0.0001142112650399, 0.0001174822813788, 1.0000000000000000 ]