%YAML:1.0
---
HA: !!opencv-matrix
   rows: 3
   cols: 3
   dt: d
   data: [ 0.8622442471571444, -0.1325076865262705, 139.7293046629774800, 
           0.0953335967711280, 0.9264173696895938, -87.8252149772356600, 
           -0.0000695207994687, 0.0000000000000000, 1.0000000000000000 ]
HB: !!opencv-matrix
   rows: 3
   cols: 3
   dt: d
   data: [ 1.0006689796855350, -0.1647179317220914, 102.3301582026866200, 
           0.1870647177132603, 1.0089764218880186, -209.0782549817245100, 
           0.0000030426442040, 0.0000216446656491, 1.0000000000000000 ]
HC: !!opencv-matrix
   rows: 3
   cols: 3
   dt: d
   data: [ 1.3801437556070240, -0.5628833074159727, 37.9247959146735670, 
           0.3704733560565577, 0.8659731153688165, 80.7602138900841880, 
           0.0003439638057779, -0.0003693094136390, 1.0000000000000000 ]
